7
-1 373 568 763 618 605 837
373 -1 997 860 523 134 848
568 997 -1 772 506 700 141
763 860 772 -1 812 107 164
618 523 506 812 -1 384 207
605 134 700 107 384 -1 214
837 848 141 164 207 214 -1
sum_min=2043
optimal_path=[1, 2, 6, 4, 7, 3, 5]
